
llama_batched_bench: n_kv_max = 16384, n_batch = 2048, n_ubatch = 512, flash_attn = 1, is_pp_shared = 0, is_tg_separate = 0, n_gpu_layers = 99, n_threads = 8, n_threads_batch = 8

|    PP |     TG |    B |   N_KV |   T_PP s | S_PP t/s |   T_TG s | S_TG t/s |      T s |    S t/s |
|-------|--------|------|--------|----------|----------|----------|----------|----------|----------|
|   512 |     64 |    1 |    576 |    0.128 |  4005.16 |    0.502 |   127.39 |    0.630 |   913.93 |
|   512 |     64 |    2 |   1152 |    0.217 |  4725.12 |    0.683 |   187.43 |    0.900 |  1280.54 |
|   512 |     64 |    3 |   1728 |    0.344 |  4464.16 |    0.727 |   264.20 |    1.071 |  1613.73 |
|   512 |     64 |    4 |   2304 |    0.434 |  4715.69 |    0.752 |   340.58 |    1.186 |  1942.74 |
|   512 |     64 |    5 |   2880 |    0.538 |  4754.86 |    0.778 |   411.36 |    1.316 |  2187.96 |
|   512 |     64 |    6 |   3456 |    0.644 |  4768.35 |    0.790 |   485.84 |    1.435 |  2408.99 |
|   512 |     64 |    8 |   4608 |    0.854 |  4797.78 |    0.837 |   611.69 |    1.691 |  2725.41 |
|   512 |     64 |   10 |   5760 |    1.069 |  4791.10 |    0.960 |   666.96 |    2.028 |  2839.91 |
|   512 |     64 |   12 |   6912 |    1.289 |  4765.81 |    0.986 |   779.08 |    2.275 |  3038.29 |
|   512 |     64 |   16 |   9216 |    1.718 |  4768.65 |    0.979 |  1045.46 |    2.697 |  3416.67 |

