
llama_batched_bench: n_kv_max = 16384, n_batch = 2048, n_ubatch = 512, flash_attn = 1, is_pp_shared = 0, is_tg_separate = 0, n_gpu_layers = 99, n_threads = 8, n_threads_batch = 8

|    PP |     TG |    B |   N_KV |   T_PP s | S_PP t/s |   T_TG s | S_TG t/s |      T s |    S t/s |
|-------|--------|------|--------|----------|----------|----------|----------|----------|----------|
|   512 |     64 |    1 |    576 |    0.123 |  4173.12 |    0.433 |   147.66 |    0.556 |  1035.75 |
|   512 |     64 |    2 |   1152 |    0.217 |  4709.69 |    0.478 |   267.83 |    0.695 |  1656.76 |
|   512 |     64 |    3 |   1728 |    0.357 |  4298.76 |    0.685 |   280.10 |    1.043 |  1657.12 |
|   512 |     64 |    4 |   2304 |    0.430 |  4766.62 |    0.729 |   351.21 |    1.159 |  1988.67 |
|   512 |     64 |    5 |   2880 |    0.540 |  4741.68 |    0.772 |   414.77 |    1.311 |  2196.11 |
|   512 |     64 |    6 |   3456 |    0.647 |  4749.15 |    0.788 |   487.11 |    1.435 |  2408.08 |
|   512 |     64 |    8 |   4608 |    0.851 |  4813.62 |    0.803 |   637.40 |    1.654 |  2785.67 |
|   512 |     64 |   10 |   5760 |    1.073 |  4770.87 |    0.968 |   660.88 |    2.042 |  2821.35 |
|   512 |     64 |   12 |   6912 |    1.291 |  4760.30 |    1.024 |   749.68 |    2.315 |  2985.60 |
|   512 |     64 |   16 |   9216 |    1.717 |  4770.92 |    1.017 |  1006.50 |    2.734 |  3370.33 |

