
llama_batched_bench: n_kv_max = 16384, n_batch = 2048, n_ubatch = 512, flash_attn = 1, is_pp_shared = 0, is_tg_separate = 0, n_gpu_layers = 99, n_threads = 8, n_threads_batch = 8

|    PP |     TG |    B |   N_KV |   T_PP s | S_PP t/s |   T_TG s | S_TG t/s |      T s |    S t/s |
|-------|--------|------|--------|----------|----------|----------|----------|----------|----------|
|   512 |     64 |    1 |    576 |    0.123 |  4163.75 |    0.429 |   149.26 |    0.552 |  1043.97 |
|   512 |     64 |    2 |   1152 |    0.211 |  4856.05 |    0.470 |   272.44 |    0.681 |  1692.38 |
|   512 |     64 |    3 |   1728 |    0.340 |  4517.89 |    0.582 |   329.77 |    0.922 |  1873.77 |
|   512 |     64 |    4 |   2304 |    0.427 |  4797.88 |    0.668 |   383.45 |    1.094 |  2105.12 |
|   512 |     64 |    5 |   2880 |    0.529 |  4839.46 |    0.717 |   446.23 |    1.246 |  2311.22 |
|   512 |     64 |    6 |   3456 |    0.630 |  4879.65 |    0.722 |   532.13 |    1.351 |  2557.76 |
|   512 |     64 |    8 |   4608 |    0.844 |  4854.27 |    0.736 |   695.73 |    1.580 |  2916.99 |
|   512 |     64 |   10 |   5760 |    1.048 |  4883.80 |    0.867 |   738.19 |    1.915 |  3007.29 |
|   512 |     64 |   12 |   6912 |    1.258 |  4885.22 |    0.878 |   875.10 |    2.135 |  3237.04 |
|   512 |     64 |   16 |   9216 |    1.676 |  4887.69 |    0.907 |  1129.42 |    2.583 |  3568.34 |

