
llama_batched_bench: n_kv_max = 16384, n_batch = 2048, n_ubatch = 512, flash_attn = 1, is_pp_shared = 0, is_tg_separate = 0, n_gpu_layers = 99, n_threads = 8, n_threads_batch = 8

|    PP |     TG |    B |   N_KV |   T_PP s | S_PP t/s |   T_TG s | S_TG t/s |      T s |    S t/s |
|-------|--------|------|--------|----------|----------|----------|----------|----------|----------|
|   512 |     64 |    1 |    576 |    0.134 |  3812.28 |    0.428 |   149.46 |    0.562 |  1024.00 |
|   512 |     64 |    2 |   1152 |    0.212 |  4841.17 |    0.471 |   271.89 |    0.682 |  1688.43 |
|   512 |     64 |    3 |   1728 |    0.336 |  4575.76 |    0.584 |   328.69 |    0.920 |  1878.62 |
|   512 |     64 |    4 |   2304 |    0.428 |  4779.93 |    0.687 |   372.87 |    1.115 |  2066.31 |
|   512 |     64 |    5 |   2880 |    0.531 |  4818.95 |    0.687 |   465.64 |    1.218 |  2363.64 |
|   512 |     64 |    6 |   3456 |    0.631 |  4867.14 |    0.716 |   535.94 |    1.348 |  2564.43 |
|   512 |     64 |    8 |   4608 |    0.844 |  4853.77 |    0.732 |   699.36 |    1.576 |  2923.90 |
|   512 |     64 |   10 |   5760 |    1.048 |  4885.91 |    0.862 |   742.51 |    1.910 |  3015.93 |
|   512 |     64 |   12 |   6912 |    1.262 |  4867.92 |    0.874 |   878.38 |    2.136 |  3235.24 |
|   512 |     64 |   16 |   9216 |    1.682 |  4870.97 |    0.904 |  1133.35 |    2.585 |  3564.74 |

