
llama_batched_bench: n_kv_max = 16384, n_batch = 2048, n_ubatch = 512, flash_attn = 1, is_pp_shared = 0, is_tg_separate = 0, n_gpu_layers = 99, n_threads = 8, n_threads_batch = 8

|    PP |     TG |    B |   N_KV |   T_PP s | S_PP t/s |   T_TG s | S_TG t/s |      T s |    S t/s |
|-------|--------|------|--------|----------|----------|----------|----------|----------|----------|
|   512 |     64 |    1 |    576 |    0.123 |  4176.52 |    0.429 |   149.14 |    0.552 |  1043.99 |
|   512 |     64 |    2 |   1152 |    0.213 |  4806.63 |    0.472 |   271.45 |    0.685 |  1682.79 |
|   512 |     64 |    3 |   1728 |    0.336 |  4575.40 |    0.585 |   328.45 |    0.920 |  1877.71 |
|   512 |     64 |    4 |   2304 |    0.425 |  4815.44 |    0.690 |   371.19 |    1.115 |  2066.43 |
|   512 |     64 |    5 |   2880 |    0.531 |  4822.25 |    0.807 |   396.59 |    1.338 |  2152.87 |
|   512 |     64 |    6 |   3456 |    0.634 |  4846.94 |    0.691 |   555.90 |    1.325 |  2609.13 |
|   512 |     64 |    8 |   4608 |    0.848 |  4832.72 |    0.733 |   698.70 |    1.580 |  2915.82 |
|   512 |     64 |   10 |   5760 |    1.057 |  4844.90 |    0.864 |   740.74 |    1.921 |  2998.79 |
|   512 |     64 |   12 |   6912 |    1.272 |  4828.66 |    0.876 |   876.84 |    2.148 |  3217.47 |
|   512 |     64 |   16 |   9216 |    1.692 |  4840.58 |    0.905 |  1131.67 |    2.597 |  3548.41 |

