
llama_batched_bench: n_kv_max = 16384, n_batch = 2048, n_ubatch = 512, flash_attn = 1, is_pp_shared = 0, is_tg_separate = 0, n_gpu_layers = 99, n_threads = 8, n_threads_batch = 8

|    PP |     TG |    B |   N_KV |   T_PP s | S_PP t/s |   T_TG s | S_TG t/s |      T s |    S t/s |
|-------|--------|------|--------|----------|----------|----------|----------|----------|----------|
|   512 |     64 |    1 |    576 |    0.122 |  4190.33 |    0.438 |   146.25 |    0.560 |  1028.94 |
|   512 |     64 |    2 |   1152 |    0.217 |  4716.57 |    0.494 |   259.07 |    0.711 |  1619.84 |
|   512 |     64 |    3 |   1728 |    0.350 |  4392.07 |    0.610 |   314.81 |    0.960 |  1800.73 |
|   512 |     64 |    4 |   2304 |    0.441 |  4641.59 |    0.735 |   348.10 |    1.177 |  1958.11 |
|   512 |     64 |    5 |   2880 |    0.551 |  4643.90 |    0.873 |   366.52 |    1.424 |  2021.98 |
|   512 |     64 |    6 |   3456 |    0.655 |  4690.33 |    0.963 |   398.75 |    1.618 |  2136.00 |
|   512 |     64 |    8 |   4608 |    0.874 |  4686.84 |    0.793 |   645.80 |    1.667 |  2764.66 |
|   512 |     64 |   10 |   5760 |    1.096 |  4670.08 |    0.972 |   658.53 |    2.068 |  2785.03 |
|   512 |     64 |   12 |   6912 |    1.289 |  4764.76 |    1.014 |   757.51 |    2.303 |  3000.89 |
|   512 |     64 |   16 |   9216 |    1.744 |  4697.04 |    0.985 |  1039.36 |    2.729 |  3376.70 |

