
llama_batched_bench: n_kv_max = 16384, n_batch = 2048, n_ubatch = 512, flash_attn = 1, is_pp_shared = 0, is_tg_separate = 0, n_gpu_layers = 99, n_threads = 8, n_threads_batch = 8

|    PP |     TG |    B |   N_KV |   T_PP s | S_PP t/s |   T_TG s | S_TG t/s |      T s |    S t/s |
|-------|--------|------|--------|----------|----------|----------|----------|----------|----------|
|   512 |     64 |    1 |    576 |    0.124 |  4134.83 |    0.441 |   145.06 |    0.565 |  1019.45 |
|   512 |     64 |    2 |   1152 |    0.219 |  4682.94 |    0.495 |   258.69 |    0.713 |  1614.64 |
|   512 |     64 |    3 |   1728 |    0.343 |  4473.19 |    0.612 |   313.68 |    0.955 |  1808.55 |
|   512 |     64 |    4 |   2304 |    0.442 |  4635.48 |    0.724 |   353.45 |    1.166 |  1975.82 |
|   512 |     64 |    5 |   2880 |    0.544 |  4703.93 |    0.856 |   373.69 |    1.401 |  2056.33 |
|   512 |     64 |    6 |   3456 |    0.657 |  4677.94 |    0.958 |   400.63 |    1.615 |  2139.69 |
|   512 |     64 |    8 |   4608 |    0.873 |  4689.58 |    1.180 |   434.01 |    2.053 |  2244.39 |
|   512 |     64 |   10 |   5760 |    1.092 |  4688.61 |    0.896 |   714.51 |    1.988 |  2897.78 |
|   512 |     64 |   12 |   6912 |    1.294 |  4748.93 |    0.892 |   861.46 |    2.185 |  3162.99 |
|   512 |     64 |   16 |   9216 |    1.720 |  4762.78 |    0.957 |  1069.77 |    2.677 |  3442.38 |

