
llama_batched_bench: n_kv_max = 16384, n_batch = 2048, n_ubatch = 512, flash_attn = 1, is_pp_shared = 0, is_tg_separate = 0, n_gpu_layers = 99, n_threads = 8, n_threads_batch = 8

|    PP |     TG |    B |   N_KV |   T_PP s | S_PP t/s |   T_TG s | S_TG t/s |      T s |    S t/s |
|-------|--------|------|--------|----------|----------|----------|----------|----------|----------|
|   512 |     64 |    1 |    576 |    0.122 |  4191.77 |    0.427 |   149.72 |    0.550 |  1048.04 |
|   512 |     64 |    2 |   1152 |    0.217 |  4711.75 |    0.475 |   269.54 |    0.692 |  1664.24 |
|   512 |     64 |    3 |   1728 |    0.350 |  4386.19 |    0.600 |   319.94 |    0.950 |  1818.36 |
|   512 |     64 |    4 |   2304 |    0.439 |  4668.83 |    0.702 |   364.48 |    1.141 |  2019.23 |
|   512 |     64 |    5 |   2880 |    0.536 |  4772.43 |    0.835 |   383.11 |    1.372 |  2099.61 |
|   512 |     64 |    6 |   3456 |    0.632 |  4861.20 |    0.895 |   429.04 |    1.527 |  2263.30 |
|   512 |     64 |    8 |   4608 |    0.857 |  4778.09 |    1.187 |   431.37 |    2.044 |  2254.21 |
|   512 |     64 |   10 |   5760 |    1.070 |  4783.25 |    0.939 |   681.34 |    2.010 |  2866.06 |
|   512 |     64 |   12 |   6912 |    1.275 |  4817.38 |    0.910 |   843.52 |    2.186 |  3162.15 |
|   512 |     64 |   16 |   9216 |    1.713 |  4783.45 |    0.959 |  1067.37 |    2.672 |  3449.18 |

