layer 16: 1026 tokens, 14336 neurons
    b  batch   random  consecutive
 0.10      1    0.100        0.100
 0.10      4    0.310        0.282
 0.10     16    0.678        0.623
 0.10     64    0.936        0.906
 0.10    256    0.996        0.994
 0.20      1    0.200        0.200
 0.20      4    0.541        0.496
 0.20     16    0.901        0.856
 0.20     64    0.996        0.991
 0.20    256    1.000        1.000
 0.30      1    0.300        0.300
 0.30      4    0.712        0.659
 0.30     16    0.974        0.949
 0.30     64    1.000        0.999
 0.30    256    1.000        1.000
 0.50      1    0.500        0.500
 0.50      4    0.909        0.878
 0.50     16    0.999        0.997
 0.50     64    1.000        1.000
 0.50    256    1.000        1.000
