layer 28: 1026 tokens, 14336 neurons
    b  batch   random  consecutive
 0.10      1    0.100        0.100
 0.10      4    0.286        0.273
 0.10     16    0.652        0.610
 0.10     64    0.954        0.936
 0.10    256    1.000        1.000
 0.20      1    0.200        0.200
 0.20      4    0.529        0.497
 0.20     16    0.917        0.886
 0.20     64    0.999        0.998
 0.20    256    1.000        1.000
 0.30      1    0.300        0.300
 0.30      4    0.706        0.681
 0.30     16    0.984        0.972
 0.30     64    1.000        1.000
 0.30    256    1.000        1.000
 0.50      1    0.500        0.500
 0.50      4    0.917        0.899
 0.50     16    1.000        0.999
 0.50     64    1.000        1.000
 0.50    256    1.000        1.000
