layer 4: 1026 tokens, 14336 neurons
    b  batch   random  consecutive
 0.10      1    0.100        0.100
 0.10      4    0.324        0.302
 0.10     16    0.730        0.701
 0.10     64    0.978        0.970
 0.10    256    1.000        1.000
 0.20      1    0.200        0.200
 0.20      4    0.561        0.532
 0.20     16    0.935        0.918
 0.20     64    1.000        0.999
 0.20    256    1.000        1.000
 0.30      1    0.300        0.300
 0.30      4    0.731        0.700
 0.30     16    0.987        0.979
 0.30     64    1.000        1.000
 0.30    256    1.000        1.000
 0.50      1    0.500        0.500
 0.50      4    0.920        0.908
 0.50     16    1.000        1.000
 0.50     64    1.000        1.000
 0.50    256    1.000        1.000
