48 layers, k = 8, 1025 calibration tokens per layer
share lost keeping 6 experts, per layer: 0.128 0.131 0.133 0.138 0.136 0.138 0.155 0.145 0.144 0.149 0.150 0.149 0.157 0.152 0.157 0.153 0.147 0.151 0.150 0.145 0.151 0.157 0.158 0.162 0.168 0.163 0.163 0.159 0.152 0.155 0.150 0.140 0.147 0.150 0.155 0.148 0.155 0.147 0.146 0.155 0.154 0.147 0.145 0.151 0.149 0.152 0.163 0.148
target 6.0: mean 6.00, min 5, max 7, mean share lost 0.1495 (uniform: 0.1500)
LLAMA_MOE_LAYER_K_6.0=5,5,5,5,5,5,6,6,6,6,6,6,6,6,6,6,6,6,6,6,6,6,6,7,7,7,7,7,6,6,6,6,6,6,6,6,6,6,6,6,6,6,6,6,6,6,7,6
target 5.5: mean 5.50, min 5, max 6, mean share lost 0.1929 (uniform: nan)
LLAMA_MOE_LAYER_K_5.5=5,5,5,5,5,5,5,5,5,5,5,5,6,6,6,5,5,6,5,5,5,6,6,6,6,6,6,6,6,6,5,5,5,5,6,5,6,6,5,6,6,6,5,6,6,6,6,6
target 5.0: mean 5.00, min 4, max 6, mean share lost 0.2388 (uniform: 0.2390)
LLAMA_MOE_LAYER_K_5.0=5,4,5,4,5,5,5,5,5,5,5,5,5,5,5,5,5,5,5,5,5,5,5,5,6,5,5,5,5,5,5,5,5,5,5,5,5,5,5,5,5,5,5,5,5,5,5,6
target 4.5: mean 4.50, min 4, max 5, mean share lost 0.2884 (uniform: nan)
LLAMA_MOE_LAYER_K_4.5=4,4,4,4,4,4,4,4,4,4,4,4,5,5,4,4,4,4,4,4,4,5,5,5,5,5,5,5,5,5,4,4,4,4,5,4,5,5,5,5,5,5,5,5,5,5,5,5
target 4.0: mean 4.00, min 3, max 5, mean share lost 0.3409 (uniform: 0.3410)
LLAMA_MOE_LAYER_K_4.0=4,3,4,4,4,4,4,4,4,4,4,4,4,4,4,4,4,4,4,4,4,4,4,4,4,4,4,4,4,4,4,4,4,4,4,4,4,4,4,4,4,4,4,4,4,4,4,5
