qwen2.5-0.5b-q4km.gguf token_embd.weight 151936x896 Q8_0, SVD-softmax plain, tokens=300, setup 23s
    W     N   read%   top1% recall40%    TV40
   32     8    4.69    3.33         -       -
   32    32    4.70   10.33         -       -
   32   128    4.76   32.00     17.53  0.7047
   32   512    5.01   45.67     30.60  0.5580
   32  2048    5.98   62.33     47.80  0.4041
   64     8    8.26    6.33         -       -
   64    32    8.27   13.00         -       -
   64   128    8.33   34.00     17.71  0.6949
   64   512    8.57   49.00     31.35  0.5403
   64  2048    9.50   66.00     49.83  0.3674
  128     8   15.40    8.33         -       -
  128    32   15.41   18.00         -       -
  128   128   15.47   36.33     19.74  0.6747
  128   512   15.68   54.00     34.95  0.4973
  128  2048   16.55   65.67     56.01  0.3485
  256     8   29.69   14.00         -       -
  256    32   29.70   23.33         -       -
  256   128   29.74   44.33     22.79  0.6016
  256   512   29.92   63.00     42.31  0.4176
  256  2048   30.64   78.67     64.33  0.2480
  512     8   58.26   24.33         -       -
  512    32   58.26   40.00         -       -
  512   128   58.29   59.67     34.37  0.4617
  512   512   58.40   75.00     56.88  0.2989
  512  2048   58.83   86.67     77.05  0.1528
