qwen2.5-0.5b-q4km.gguf token_embd.weight 151936x896 Q8_0, SVD-softmax weighted, tokens=300, setup 36s
    W     N   read%   top1% recall40%    TV40
   32     8    4.69   36.67         -       -
   32    32    4.70   50.67         -       -
   32   128    4.76   66.33     51.79  0.3512
   32   512    5.01   84.33     72.12  0.1755
   32  2048    5.98   94.00     88.36  0.0662
   64     8    8.26   47.00         -       -
   64    32    8.27   61.00         -       -
   64   128    8.33   76.67     58.14  0.2597
   64   512    8.57   89.67     78.83  0.1167
   64  2048    9.50   97.67     92.64  0.0338
  128     8   15.40   58.33         -       -
  128    32   15.41   72.33         -       -
  128   128   15.47   85.67     67.05  0.1698
  128   512   15.68   94.33     85.86  0.0664
  128  2048   16.55   98.67     96.41  0.0135
  256     8   29.69   74.00         -       -
  256    32   29.70   88.00         -       -
  256   128   29.74   93.33     78.90  0.0818
  256   512   29.92   98.67     93.79  0.0173
  256  2048   30.64  100.00     98.91  0.0010
  512     8   58.26   94.33         -       -
  512    32   58.26   99.33         -       -
  512   128   58.29  100.00     92.59  0.0094
  512   512   58.40  100.00     99.16  0.0007
  512  2048   58.83  100.00     99.94  0.0000
