llama3.1-8b-q4km.gguf output.weight 128256x4096 Q6_K, SVD-softmax plain, tokens=2000, setup 284s
  ... 100/2000 tokens (289s)
  ... 200/2000 tokens (296s)
  ... 300/2000 tokens (301s)
  ... 400/2000 tokens (306s)
  ... 500/2000 tokens (311s)
  ... 600/2000 tokens (316s)
  ... 700/2000 tokens (321s)
  ... 800/2000 tokens (326s)
  ... 900/2000 tokens (331s)
  ... 1000/2000 tokens (336s)
  ... 1100/2000 tokens (340s)
  ... 1200/2000 tokens (345s)
  ... 1300/2000 tokens (349s)
  ... 1400/2000 tokens (354s)
  ... 1500/2000 tokens (359s)
  ... 1600/2000 tokens (364s)
  ... 1700/2000 tokens (368s)
  ... 1800/2000 tokens (373s)
  ... 1900/2000 tokens (378s)
  ... 2000/2000 tokens (383s)
    W     N   read%   top1% recall40%    TV40
   32     8    8.57   19.70         -       -
   32    32    8.59   30.80         -       -
   32    64    8.62   37.75     23.85  0.6569
   32   128    8.67   47.40     30.96  0.5687
   32   256    8.77   56.15     39.06  0.4816
   32   512    8.96   62.80     47.41  0.4132
   32  1024    9.36   69.20     56.40  0.3391
   32  2048   10.15   77.50     67.03  0.2498
   32  4096   11.74   83.90     76.99  0.1763
   64     8    9.35   21.75         -       -
   64    32    9.37   33.85         -       -
   64    64    9.40   39.35     25.23  0.6402
   64   128    9.45   50.50     32.95  0.5388
   64   256    9.55   59.40     41.39  0.4481
   64   512    9.74   67.10     50.91  0.3674
   64  1024   10.13   74.35     60.39  0.2867
   64  2048   10.92   81.05     70.71  0.2106
   64  4096   12.49   86.60     80.05  0.1458
   96     8   10.14   24.40         -       -
   96    32   10.15   35.55         -       -
   96    64   10.18   41.85     26.36  0.6154
   96   128   10.23   52.05     34.39  0.5200
   96   256   10.33   62.15     43.23  0.4204
   96   512   10.52   69.60     52.72  0.3368
   96  1024   10.91   76.90     62.48  0.2595
   96  2048   11.69   82.75     72.83  0.1908
   96  4096   13.25   88.55     81.72  0.1264
  128     8   10.92   25.30         -       -
  128    32   10.94   36.80         -       -
  128    64   10.96   44.20     26.83  0.5960
  128   128   11.01   53.80     35.03  0.5015
  128   256   11.10   63.95     44.39  0.3994
  128   512   11.30   71.50     54.16  0.3183
  128  1024   11.68   78.95     64.36  0.2394
  128  2048   12.46   84.40     74.50  0.1746
  128  4096   14.01   89.90     83.02  0.1116
  160     8   11.70   27.05         -       -
  160    32   11.72   38.75         -       -
  160    64   11.74   46.60     27.62  0.5745
  160   128   11.79   56.30     36.20  0.4760
  160   256   11.88   65.75     45.71  0.3823
  160   512   12.08   73.20     55.55  0.3009
  160  1024   12.46   80.55     65.78  0.2221
  160  2048   13.23   86.30     75.81  0.1557
  160  4096   14.76   90.45     84.12  0.1040
  192     8   12.48   27.55         -       -
  192    32   12.50   39.85         -       -
  192    64   12.52   48.35     28.36  0.5585
  192   128   12.57   58.00     37.11  0.4605
  192   256   12.66   66.80     46.77  0.3708
  192   512   12.85   74.75     56.78  0.2872
  192  1024   13.23   81.25     67.07  0.2152
  192  2048   14.00   87.35     76.88  0.1453
  192  4096   15.52   91.05     85.01  0.0964
  256     8   14.04   28.85         -       -
  256    32   14.06   41.20         -       -
  256    64   14.08   49.60     29.30  0.5427
  256   128   14.13   59.90     38.36  0.4437
  256   256   14.22   68.95     48.36  0.3495
  256   512   14.41   77.40     58.66  0.2628
  256  1024   14.78   83.70     69.07  0.1894
  256  2048   15.53   88.55     78.58  0.1318
  256  4096   17.03   92.30     86.36  0.0847
  320     8   15.60   30.80         -       -
  320    32   15.62   43.00         -       -
  320    64   15.64   51.60     30.17  0.5257
  320   128   15.69   61.75     39.70  0.4246
  320   256   15.78   71.25     49.88  0.3268
  320   512   15.97   79.65     60.40  0.2401
  320  1024   16.33   85.10     70.77  0.1755
  320  2048   17.07   89.45     80.24  0.1199
  320  4096   18.54   93.45     87.59  0.0747
  384     8   17.17   32.40         -       -
  384    32   17.18   44.40         -       -
  384    64   17.21   53.65     30.98  0.5079
  384   128   17.25   63.05     40.82  0.4108
  384   256   17.34   73.30     51.36  0.3091
  384   512   17.52   80.40     61.89  0.2289
  384  1024   17.88   86.30     72.33  0.1630
  384  2048   18.61   90.65     81.48  0.1078
  384  4096   20.06   94.30     88.50  0.0659
  512     8   20.29   35.00         -       -
  512    32   20.31   47.20         -       -
  512    64   20.33   56.45     32.42  0.4795
  512   128   20.37   64.60     42.62  0.3921
  512   256   20.46   75.30     53.53  0.2867
  512   512   20.64   83.15     64.35  0.2034
  512  1024   20.98   88.25     74.73  0.1413
  512  2048   21.68   92.70     83.61  0.0872
  512  4096   23.08   95.30     90.18  0.0521
  768     8   26.54   39.60         -       -
  768    32   26.56   52.40         -       -
  768    64   26.58   60.90     35.63  0.4340
  768   128   26.62   70.05     46.82  0.3375
  768   256   26.70   80.10     58.37  0.2386
  768   512   26.86   87.50     69.43  0.1590
  768  1024   27.19   92.10     79.23  0.1020
  768  2048   27.83   95.30     87.17  0.0589
  768  4096   29.13   97.35     92.57  0.0317
 1024     8   32.79   43.15         -       -
 1024    32   32.81   57.55         -       -
 1024    64   32.82   65.25     38.70  0.3904
 1024   128   32.86   74.45     50.72  0.2955
 1024   256   32.94   84.55     62.75  0.1913
 1024   512   33.09   91.65     73.73  0.1162
 1024  1024   33.39   94.85     82.90  0.0719
 1024  2048   33.98   97.15     89.90  0.0391
 1024  4096   35.18   98.40     94.35  0.0220
