llama3.1-8b-q4km.gguf output.weight 128256x4096 Q6_K, SVD-softmax weighted, tokens=2000, setup 2286s
  ... 100/2000 tokens (2290s)
  ... 200/2000 tokens (2294s)
  ... 300/2000 tokens (2299s)
  ... 400/2000 tokens (2303s)
  ... 500/2000 tokens (2307s)
  ... 600/2000 tokens (2312s)
  ... 700/2000 tokens (2316s)
  ... 800/2000 tokens (2320s)
  ... 900/2000 tokens (2325s)
  ... 1000/2000 tokens (2329s)
  ... 1100/2000 tokens (2334s)
  ... 1200/2000 tokens (2338s)
  ... 1300/2000 tokens (2342s)
  ... 1400/2000 tokens (2347s)
  ... 1500/2000 tokens (2351s)
  ... 1600/2000 tokens (2355s)
  ... 1700/2000 tokens (2360s)
  ... 1800/2000 tokens (2364s)
  ... 1900/2000 tokens (2368s)
  ... 2000/2000 tokens (2373s)
    W     N   read%   top1% recall40%    TV40
   32     8    8.57   22.55         -       -
   32    32    8.59   41.20         -       -
   32    64    8.62   48.70     30.00  0.5693
   32   128    8.67   55.45     39.30  0.4944
   32   256    8.77   63.10     48.87  0.4064
   32   512    8.96   70.60     58.61  0.3230
   32  1024    9.36   76.85     67.77  0.2520
   32  2048   10.15   83.00     76.15  0.1828
   32  4096   11.74   89.50     84.01  0.1139
   64     8    9.35   30.45         -       -
   64    32    9.37   48.25         -       -
   64    64    9.40   55.15     34.31  0.5074
   64   128    9.45   62.20     44.41  0.4225
   64   256    9.55   68.95     54.29  0.3467
   64   512    9.74   75.60     63.97  0.2695
   64  1024   10.13   81.35     72.99  0.1991
   64  2048   10.92   87.80     80.95  0.1352
   64  4096   12.49   93.40     87.83  0.0764
   96     8   10.14   35.05         -       -
   96    32   10.15   51.95         -       -
   96    64   10.18   59.45     36.93  0.4664
   96   128   10.23   66.35     47.37  0.3838
   96   256   10.33   73.30     57.49  0.3035
   96   512   10.52   78.85     67.39  0.2325
   96  1024   10.91   84.70     76.04  0.1671
   96  2048   11.69   90.90     83.52  0.1058
   96  4096   13.25   95.55     89.94  0.0525
  128     8   10.92   37.70         -       -
  128    32   10.94   53.80         -       -
  128    64   10.96   61.45     38.78  0.4429
  128   128   11.01   68.70     49.52  0.3557
  128   256   11.10   75.10     59.88  0.2786
  128   512   11.30   81.15     69.59  0.2100
  128  1024   11.68   87.15     78.09  0.1446
  128  2048   12.46   92.70     85.39  0.0854
  128  4096   14.01   96.50     91.27  0.0434
  160     8   11.70   40.30         -       -
  160    32   11.72   56.85         -       -
  160    64   11.74   64.60     40.35  0.4123
  160   128   11.79   70.85     51.32  0.3336
  160   256   11.88   77.15     61.83  0.2581
  160   512   12.08   83.70     71.52  0.1860
  160  1024   12.46   89.50     79.84  0.1225
  160  2048   13.23   94.00     86.80  0.0707
  160  4096   14.76   97.60     92.44  0.0319
  192     8   12.48   43.65         -       -
  192    32   12.50   59.05         -       -
  192    64   12.52   66.55     41.76  0.3924
  192   128   12.57   72.95     52.95  0.3120
  192   256   12.66   79.65     63.61  0.2349
  192   512   12.85   85.65     73.08  0.1665
  192  1024   13.23   90.70     81.33  0.1083
  192  2048   14.00   95.00     88.03  0.0605
  192  4096   15.52   98.05     93.35  0.0260
  256     8   14.04   47.40         -       -
  256    32   14.06   62.20         -       -
  256    64   14.08   69.65     44.16  0.3613
  256   128   14.13   76.40     55.65  0.2761
  256   256   14.22   82.70     66.47  0.2038
  256   512   14.41   88.00     75.75  0.1414
  256  1024   14.78   92.75     83.67  0.0872
  256  2048   15.53   96.90     89.97  0.0427
  256  4096   17.03   98.70     94.68  0.0182
  320     8   15.60   50.25         -       -
  320    32   15.62   65.30         -       -
  320    64   15.64   72.50     46.34  0.3303
  320   128   15.69   79.25     58.22  0.2485
  320   256   15.78   85.00     69.08  0.1773
  320   512   15.97   90.35     78.08  0.1156
  320  1024   16.33   94.50     85.72  0.0668
  320  2048   17.07   97.75     91.59  0.0322
  320  4096   18.54   99.40     95.84  0.0123
  384     8   17.17   52.80         -       -
  384    32   17.18   68.40         -       -
  384    64   17.21   75.40     48.45  0.2998
  384   128   17.25   82.20     60.60  0.2186
  384   256   17.34   87.45     71.45  0.1506
  384   512   17.52   91.95     80.28  0.0971
  384  1024   17.88   96.05     87.46  0.0537
  384  2048   18.61   98.50     92.93  0.0246
  384  4096   20.06   99.70     96.72  0.0086
  512     8   20.29   57.35         -       -
  512    32   20.31   73.15         -       -
  512    64   20.33   80.15     51.99  0.2511
  512   128   20.37   86.55     64.66  0.1737
  512   256   20.46   91.45     75.29  0.1125
  512   512   20.64   95.10     83.86  0.0663
  512  1024   20.98   97.95     90.34  0.0340
  512  2048   21.68   99.40     95.09  0.0137
  512  4096   23.08   99.90     97.88  0.0045
  768     8   26.54   65.35         -       -
  768    32   26.56   80.40         -       -
  768    64   26.58   86.85     57.93  0.1786
  768   128   26.62   92.25     70.94  0.1142
  768   256   26.70   95.40     81.41  0.0666
  768   512   26.86   97.80     88.93  0.0362
  768  1024   27.19   99.30     94.34  0.0151
  768  2048   27.83   99.90     97.51  0.0050
  768  4096   29.13  100.00     99.10  0.0014
 1024     8   32.79   71.40         -       -
 1024    32   32.81   85.75         -       -
 1024    64   32.82   92.10     62.79  0.1307
 1024   128   32.86   95.40     76.19  0.0770
 1024   256   32.94   97.85     86.03  0.0416
 1024   512   33.09   99.15     92.72  0.0190
 1024  1024   33.39   99.70     96.76  0.0068
 1024  2048   33.98  100.00     98.81  0.0019
 1024  4096   35.18  100.00     99.63  0.0005
