llama3.1-8b-q4km.gguf output.weight 128256x4096 Q6_K, SVD-softmax plain, tokens=2000, setup 315s
  ... 100/2000 tokens (319s)
  ... 200/2000 tokens (324s)
  ... 300/2000 tokens (328s)
  ... 400/2000 tokens (332s)
  ... 500/2000 tokens (337s)
  ... 600/2000 tokens (341s)
  ... 700/2000 tokens (345s)
  ... 800/2000 tokens (351s)
  ... 900/2000 tokens (358s)
  ... 1000/2000 tokens (365s)
  ... 1100/2000 tokens (370s)
  ... 1200/2000 tokens (375s)
  ... 1300/2000 tokens (379s)
  ... 1400/2000 tokens (383s)
  ... 1500/2000 tokens (387s)
  ... 1600/2000 tokens (392s)
  ... 1700/2000 tokens (398s)
  ... 1800/2000 tokens (403s)
  ... 1900/2000 tokens (408s)
  ... 2000/2000 tokens (413s)
    W     N   read%   top1% recall40%    TV40
   32     8    8.57   18.10         -       -
   32    32    8.59   36.05         -       -
   32    64    8.62   42.40     24.13  0.6311
   32   128    8.67   48.55     31.06  0.5675
   32   256    8.77   54.40     39.24  0.4989
   32   512    8.96   61.40     48.32  0.4203
   32  1024    9.36   69.45     58.23  0.3289
   32  2048   10.15   78.25     69.06  0.2356
   32  4096   11.74   86.95     79.48  0.1420
   64     8    9.35   20.35         -       -
   64    32    9.37   38.10         -       -
   64    64    9.40   44.55     25.53  0.6092
   64   128    9.45   51.35     33.11  0.5375
   64   256    9.55   58.65     42.22  0.4546
   64   512    9.74   65.45     51.84  0.3769
   64  1024   10.13   74.05     62.14  0.2824
   64  2048   10.92   82.60     72.57  0.1908
   64  4096   12.49   90.35     82.36  0.1075
   96     8   10.14   22.85         -       -
   96    32   10.15   39.85         -       -
   96    64   10.18   47.30     26.82  0.5853
   96   128   10.23   54.70     35.10  0.5050
   96   256   10.33   61.30     44.42  0.4250
   96   512   10.52   69.10     54.19  0.3403
   96  1024   10.91   77.45     64.55  0.2488
   96  2048   11.69   85.40     74.76  0.1645
   96  4096   13.25   91.80     84.08  0.0928
  128     8   10.92   23.80         -       -
  128    32   10.94   41.30         -       -
  128    64   10.96   48.60     27.52  0.5690
  128   128   11.01   56.90     36.13  0.4846
  128   256   11.10   63.15     45.65  0.4053
  128   512   11.30   71.25     55.84  0.3184
  128  1024   11.68   79.70     66.25  0.2277
  128  2048   12.46   87.00     76.32  0.1481
  128  4096   14.01   92.80     85.40  0.0829
  160     8   11.70   24.85         -       -
  160    32   11.72   42.00         -       -
  160    64   11.74   50.40     28.11  0.5539
  160   128   11.79   58.75     36.96  0.4665
  160   256   11.88   65.10     46.84  0.3876
  160   512   12.08   73.40     57.06  0.2984
  160  1024   12.46   81.00     67.48  0.2129
  160  2048   13.23   87.90     77.44  0.1380
  160  4096   14.76   93.45     86.36  0.0755
  192     8   12.48   25.95         -       -
  192    32   12.50   43.25         -       -
  192    64   12.52   52.45     28.92  0.5359
  192   128   12.57   60.35     37.96  0.4516
  192   256   12.66   66.65     47.92  0.3723
  192   512   12.85   74.40     58.19  0.2849
  192  1024   13.23   82.40     68.73  0.2005
  192  2048   14.00   89.35     78.60  0.1254
  192  4096   15.52   94.20     87.17  0.0683
  256     8   14.04   27.60         -       -
  256    32   14.06   45.10         -       -
  256    64   14.08   55.50     30.04  0.5100
  256   128   14.13   62.35     39.44  0.4294
  256   256   14.22   69.45     49.68  0.3457
  256   512   14.41   76.80     60.06  0.2635
  256  1024   14.78   84.50     70.59  0.1813
  256  2048   15.53   90.80     80.21  0.1084
  256  4096   17.03   94.85     88.34  0.0591
  320     8   15.60   29.55         -       -
  320    32   15.62   47.75         -       -
  320    64   15.64   57.05     31.01  0.4917
  320   128   15.69   64.20     40.78  0.4091
  320   256   15.78   71.40     51.27  0.3268
  320   512   15.97   78.80     61.82  0.2441
  320  1024   16.33   86.40     72.31  0.1609
  320  2048   17.07   92.30     81.74  0.0946
  320  4096   18.54   96.10     89.49  0.0479
  384     8   17.17   31.25         -       -
  384    32   17.18   50.15         -       -
  384    64   17.21   58.90     31.88  0.4733
  384   128   17.25   66.45     41.94  0.3897
  384   256   17.34   73.40     52.60  0.3083
  384   512   17.52   81.00     63.30  0.2229
  384  1024   17.88   88.05     73.68  0.1448
  384  2048   18.61   93.25     83.00  0.0849
  384  4096   20.06   96.65     90.43  0.0415
  512     8   20.29   34.50         -       -
  512    32   20.31   53.15         -       -
  512    64   20.33   62.05     33.30  0.4440
  512   128   20.37   69.75     43.82  0.3560
  512   256   20.46   77.30     55.06  0.2726
  512   512   20.64   83.95     65.78  0.1957
  512  1024   20.98   89.95     76.11  0.1238
  512  2048   21.68   94.95     85.12  0.0668
  512  4096   23.08   97.55     91.87  0.0318
  768     8   26.54   40.10         -       -
  768    32   26.56   59.15         -       -
  768    64   26.58   68.15     36.51  0.3879
  768   128   26.62   75.95     48.14  0.2989
  768   256   26.70   82.85     59.80  0.2185
  768   512   26.86   89.15     70.74  0.1461
  768  1024   27.19   93.90     80.71  0.0845
  768  2048   27.83   97.00     88.65  0.0440
  768  4096   29.13   98.65     94.14  0.0198
 1024     8   32.79   44.60         -       -
 1024    32   32.81   64.75         -       -
 1024    64   32.82   74.25     39.75  0.3329
 1024   128   32.86   81.25     52.05  0.2498
 1024   256   32.94   87.25     64.09  0.1746
 1024   512   33.09   92.40     75.20  0.1102
 1024  1024   33.39   95.95     84.43  0.0621
 1024  2048   33.98   98.10     91.34  0.0297
 1024  4096   35.18   99.20     95.79  0.0123
