llama3.1-8b-q4km.gguf output.weight 128256x4096 Q6_K, SVD-softmax weighted, tokens=2000, setup 1254s
  ... 100/2000 tokens (1259s)
  ... 200/2000 tokens (1263s)
  ... 300/2000 tokens (1268s)
  ... 400/2000 tokens (1272s)
  ... 500/2000 tokens (1277s)
  ... 600/2000 tokens (1281s)
  ... 700/2000 tokens (1286s)
  ... 800/2000 tokens (1290s)
  ... 900/2000 tokens (1295s)
  ... 1000/2000 tokens (1299s)
  ... 1100/2000 tokens (1304s)
  ... 1200/2000 tokens (1308s)
  ... 1300/2000 tokens (1313s)
  ... 1400/2000 tokens (1317s)
  ... 1500/2000 tokens (1322s)
  ... 1600/2000 tokens (1327s)
  ... 1700/2000 tokens (1331s)
  ... 1800/2000 tokens (1336s)
  ... 1900/2000 tokens (1340s)
  ... 2000/2000 tokens (1345s)
    W     N   read%   top1% recall40%    TV40
   32     8    8.57   41.85         -       -
   32    32    8.59   54.75         -       -
   32    64    8.62   60.50     40.15  0.4487
   32   128    8.67   66.60     49.68  0.3771
   32   256    8.77   73.80     59.41  0.3016
   32   512    8.96   80.45     69.11  0.2280
   32  1024    9.36   85.95     77.73  0.1613
   32  2048   10.15   89.90     84.85  0.1114
   32  4096   11.74   94.50     90.63  0.0610
   64     8    9.35   46.40         -       -
   64    32    9.37   58.95         -       -
   64    64    9.40   65.40     44.27  0.3954
   64   128    9.45   72.90     54.99  0.3176
   64   256    9.55   79.50     65.43  0.2430
   64   512    9.74   85.35     74.73  0.1746
   64  1024   10.13   90.25     82.43  0.1146
   64  2048   10.92   93.60     88.60  0.0702
   64  4096   12.49   97.00     93.14  0.0328
   96     8   10.14   50.20         -       -
   96    32   10.15   61.75         -       -
   96    64   10.18   69.55     47.11  0.3559
   96   128   10.23   76.65     58.33  0.2806
   96   256   10.33   82.95     68.59  0.2064
   96   512   10.52   88.80     77.59  0.1383
   96  1024   10.91   92.60     84.70  0.0879
   96  2048   11.69   95.55     90.33  0.0497
   96  4096   13.25   98.15     94.46  0.0215
  128     8   10.92   51.55         -       -
  128    32   10.94   63.85         -       -
  128    64   10.96   71.95     48.85  0.3337
  128   128   11.01   79.25     60.23  0.2538
  128   256   11.10   85.40     70.57  0.1796
  128   512   11.30   91.00     79.35  0.1156
  128  1024   11.68   93.90     86.21  0.0734
  128  2048   12.46   96.65     91.46  0.0390
  128  4096   14.01   98.65     95.26  0.0164
  160     8   11.70   53.25         -       -
  160    32   11.72   66.55         -       -
  160    64   11.74   74.20     50.17  0.3127
  160   128   11.79   81.70     61.85  0.2268
  160   256   11.88   87.85     72.23  0.1567
  160   512   12.08   92.50     80.77  0.0991
  160  1024   12.46   95.20     87.38  0.0606
  160  2048   13.23   97.15     92.37  0.0330
  160  4096   14.76   98.85     95.83  0.0136
  192     8   12.48   55.15         -       -
  192    32   12.50   68.90         -       -
  192    64   12.52   76.15     51.60  0.2924
  192   128   12.57   83.75     63.51  0.2060
  192   256   12.66   89.20     73.87  0.1409
  192   512   12.85   93.50     82.21  0.0855
  192  1024   13.23   95.80     88.59  0.0517
  192  2048   14.00   97.90     93.25  0.0256
  192  4096   15.52   99.30     96.48  0.0096
  256     8   14.04   58.30         -       -
  256    32   14.06   73.10         -       -
  256    64   14.08   80.85     54.16  0.2468
  256   128   14.13   86.70     66.25  0.1750
  256   256   14.22   92.00     76.34  0.1115
  256   512   14.41   94.55     84.37  0.0717
  256  1024   14.78   96.65     90.34  0.0411
  256  2048   15.53   98.75     94.55  0.0175
  256  4096   17.03   99.70     97.41  0.0053
  320     8   15.60   60.95         -       -
  320    32   15.62   76.95         -       -
  320    64   15.64   83.40     56.17  0.2206
  320   128   15.69   89.10     68.47  0.1493
  320   256   15.78   92.60     78.47  0.0989
  320   512   15.97   95.55     86.00  0.0591
  320  1024   16.33   97.60     91.63  0.0309
  320  2048   17.07   99.25     95.56  0.0110
  320  4096   18.54   99.85     98.04  0.0030
  384     8   17.17   64.35         -       -
  384    32   17.18   79.75         -       -
  384    64   17.21   85.80     58.06  0.1962
  384   128   17.25   90.65     70.24  0.1316
  384   256   17.34   93.95     80.14  0.0830
  384   512   17.52   96.75     87.42  0.0451
  384  1024   17.88   98.30     92.83  0.0232
  384  2048   18.61   99.65     96.32  0.0072
  384  4096   20.06   99.85     98.47  0.0022
  512     8   20.29   68.60         -       -
  512    32   20.31   83.50         -       -
  512    64   20.33   89.20     60.98  0.1616
  512   128   20.37   93.00     73.41  0.1011
  512   256   20.46   96.15     82.95  0.0561
  512   512   20.64   98.15     89.95  0.0300
  512  1024   20.98   99.25     94.62  0.0115
  512  2048   21.68   99.75     97.53  0.0042
  512  4096   23.08   99.90     99.03  0.0013
  768     8   26.54   76.25         -       -
  768    32   26.56   88.75         -       -
  768    64   26.58   93.85     65.78  0.1053
  768   128   26.62   96.85     78.35  0.0575
  768   256   26.70   98.60     87.42  0.0291
  768   512   26.86   99.40     93.48  0.0130
  768  1024   27.19   99.85     96.96  0.0048
  768  2048   27.83   99.90     98.79  0.0017
  768  4096   29.13  100.00     99.61  0.0004
 1024     8   32.79   81.80         -       -
 1024    32   32.81   93.25         -       -
 1024    64   32.82   96.45     69.84  0.0741
 1024   128   32.86   98.45     82.51  0.0367
 1024   256   32.94   99.45     90.95  0.0165
 1024   512   33.09   99.90     95.86  0.0061
 1024  1024   33.39   99.90     98.35  0.0022
 1024  2048   33.98  100.00     99.48  0.0005
 1024  4096   35.18  100.00     99.86  0.0001
