qwen2.5-7b-q4km.gguf output.weight 152064x3584 Q6_K, SVD-softmax weighted, tokens=2000, setup 799s
  ... 100/2000 tokens (803s)
  ... 200/2000 tokens (808s)
  ... 300/2000 tokens (812s)
  ... 400/2000 tokens (817s)
  ... 500/2000 tokens (821s)
  ... 600/2000 tokens (826s)
  ... 700/2000 tokens (830s)
  ... 800/2000 tokens (834s)
  ... 900/2000 tokens (839s)
  ... 1000/2000 tokens (844s)
  ... 1100/2000 tokens (849s)
  ... 1200/2000 tokens (854s)
  ... 1300/2000 tokens (859s)
  ... 1400/2000 tokens (864s)
  ... 1500/2000 tokens (869s)
  ... 1600/2000 tokens (874s)
  ... 1700/2000 tokens (878s)
  ... 1800/2000 tokens (883s)
  ... 1900/2000 tokens (888s)
  ... 2000/2000 tokens (893s)
    W     N   read%   top1% recall40%    TV40
   32     8    6.64   24.20         -       -
   32    32    6.66   42.65         -       -
   32    64    6.68   52.30     31.70  0.5311
   32   128    6.72   59.80     41.47  0.4495
   32   256    6.81   67.45     51.67  0.3684
   32   512    6.97   74.65     61.92  0.2863
   32  1024    7.31   81.30     71.40  0.2128
   32  2048    7.97   86.70     79.84  0.1480
   32  4096    9.31   91.90     87.11  0.0904
   64     8    7.54   30.80         -       -
   64    32    7.55   51.50         -       -
   64    64    7.57   59.40     36.91  0.4574
   64   128    7.61   66.70     47.53  0.3773
   64   256    7.70   73.45     57.92  0.3009
   64   512    7.86   80.05     67.82  0.2290
   64  1024    8.19   85.75     76.89  0.1628
   64  2048    8.85   90.60     84.48  0.1063
   64  4096   10.18   94.80     90.54  0.0613
   96     8    8.43   36.65         -       -
   96    32    8.45   55.80         -       -
   96    64    8.47   63.10     39.80  0.4215
   96   128    8.51   70.20     50.64  0.3425
   96   256    8.59   76.50     61.29  0.2689
   96   512    8.75   83.15     71.10  0.1948
   96  1024    9.08   88.45     79.74  0.1325
   96  2048    9.74   93.15     86.74  0.0824
   96  4096   11.05   96.65     92.27  0.0429
  128     8    9.32   40.90         -       -
  128    32    9.34   58.35         -       -
  128    64    9.36   66.15     41.69  0.3955
  128   128    9.40   72.20     52.92  0.3168
  128   256    9.48   79.40     63.65  0.2399
  128   512    9.64   85.20     73.42  0.1727
  128  1024    9.97   90.90     81.69  0.1115
  128  2048   10.62   94.25     88.42  0.0692
  128  4096   11.92   97.45     93.51  0.0339
  160     8   10.22   42.90         -       -
  160    32   10.23   60.85         -       -
  160    64   10.25   68.35     43.32  0.3708
  160   128   10.29   74.35     54.75  0.2935
  160   256   10.37   80.90     65.52  0.2237
  160   512   10.53   87.15     74.98  0.1560
  160  1024   10.85   92.15     83.25  0.0979
  160  2048   11.50   95.35     89.59  0.0587
  160  4096   12.78   98.05     94.38  0.0276
  192     8   11.11   45.30         -       -
  192    32   11.12   62.45         -       -
  192    64   11.14   70.15     44.66  0.3539
  192   128   11.18   75.85     56.55  0.2789
  192   256   11.26   83.05     67.22  0.2016
  192   512   11.42   88.75     76.63  0.1385
  192  1024   11.74   92.80     84.60  0.0893
  192  2048   12.38   96.25     90.65  0.0497
  192  4096   13.65   98.45     95.14  0.0219
  256     8   12.89   49.85         -       -
  256    32   12.91   66.15         -       -
  256    64   12.93   73.50     47.32  0.3198
  256   128   12.97   79.30     59.54  0.2459
  256   256   13.05   85.90     70.17  0.1730
  256   512   13.20   90.70     79.37  0.1155
  256  1024   13.51   94.90     86.73  0.0666
  256  2048   14.14   97.40     92.30  0.0355
  256  4096   15.39   99.00     96.21  0.0154
  320     8   14.68   52.30         -       -
  320    32   14.69   68.70         -       -
  320    64   14.71   75.65     49.61  0.2952
  320   128   14.75   82.05     61.99  0.2193
  320   256   14.83   88.00     72.64  0.1490
  320   512   14.98   93.00     81.62  0.0919
  320  1024   15.29   96.25     88.44  0.0542
  320  2048   15.90   98.30     93.65  0.0268
  320  4096   17.13   99.10     96.93  0.0126
  384     8   16.47   55.35         -       -
  384    32   16.48   71.00         -       -
  384    64   16.50   77.70     51.66  0.2737
  384   128   16.54   84.70     64.17  0.1923
  384   256   16.61   90.10     74.83  0.1278
  384   512   16.76   94.20     83.39  0.0770
  384  1024   17.06   97.25     89.96  0.0415
  384  2048   17.66   98.80     94.64  0.0207
  384  4096   18.87   99.50     97.48  0.0077
  512     8   20.04   60.45         -       -
  512    32   20.05   75.75         -       -
  512    64   20.07   82.90     55.64  0.2226
  512   128   20.10   88.95     68.37  0.1484
  512   256   20.18   93.85     78.80  0.0890
  512   512   20.32   96.35     86.53  0.0547
  512  1024   20.61   98.65     92.38  0.0270
  512  2048   21.19   99.30     96.10  0.0132
  512  4096   22.34   99.70     98.31  0.0044
  768     8   27.18   68.35         -       -
  768    32   27.19   84.75         -       -
  768    64   27.21   90.05     62.00  0.1493
  768   128   27.24   94.45     75.00  0.0913
  768   256   27.31   96.95     84.48  0.0520
  768   512   27.44   98.85     91.34  0.0266
  768  1024   27.70   99.45     95.63  0.0126
  768  2048   28.23   99.80     98.12  0.0042
  768  4096   29.29   99.95     99.30  0.0013
 1024     8   34.32   74.30         -       -
 1024    32   34.33   89.95         -       -
 1024    64   34.35   94.20     66.95  0.1054
 1024   128   34.38   96.95     80.04  0.0598
 1024   256   34.44   98.75     88.75  0.0312
 1024   512   34.56   99.50     94.53  0.0135
 1024  1024   34.80   99.85     97.67  0.0054
 1024  2048   35.28  100.00     99.15  0.0015
 1024  4096   36.24  100.00     99.72  0.0003
