qwen2.5-7b-q4km.gguf output.weight 152064x3584 Q6_K, SVD-softmax weighted, tokens=2000, setup 812s
  ... 100/2000 tokens (817s)
  ... 200/2000 tokens (822s)
  ... 300/2000 tokens (827s)
  ... 400/2000 tokens (832s)
  ... 500/2000 tokens (837s)
  ... 600/2000 tokens (841s)
  ... 700/2000 tokens (846s)
  ... 800/2000 tokens (850s)
  ... 900/2000 tokens (855s)
  ... 1000/2000 tokens (859s)
  ... 1100/2000 tokens (864s)
  ... 1200/2000 tokens (869s)
  ... 1300/2000 tokens (873s)
  ... 1400/2000 tokens (878s)
  ... 1500/2000 tokens (882s)
  ... 1600/2000 tokens (887s)
  ... 1700/2000 tokens (892s)
  ... 1800/2000 tokens (897s)
  ... 1900/2000 tokens (902s)
  ... 2000/2000 tokens (906s)
    W     N   read%   top1% recall40%    TV40
   32     8    6.64   41.50         -       -
   32    32    6.66   54.20         -       -
   32    64    6.68   60.95     40.61  0.4251
   32   128    6.72   69.55     51.60  0.3365
   32   256    6.81   78.20     62.34  0.2390
   32   512    6.97   84.35     72.27  0.1685
   32  1024    7.31   89.65     80.26  0.1133
   32  2048    7.97   93.65     86.82  0.0701
   32  4096    9.31   97.15     91.77  0.0333
   64     8    7.54   50.05         -       -
   64    32    7.55   64.50         -       -
   64    64    7.57   73.00     46.44  0.3113
   64   128    7.61   79.35     58.42  0.2355
   64   256    7.70   85.05     68.69  0.1686
   64   512    7.86   88.80     77.54  0.1201
   64  1024    8.19   93.30     84.47  0.0747
   64  2048    8.85   96.85     89.96  0.0375
   64  4096   10.18   98.75     93.92  0.0157
   96     8    8.43   54.75         -       -
   96    32    8.45   68.90         -       -
   96    64    8.47   75.85     49.56  0.2767
   96   128    8.51   82.25     61.49  0.2034
   96   256    8.59   86.75     71.78  0.1463
   96   512    8.75   90.55     80.04  0.1018
   96  1024    9.08   94.50     86.49  0.0605
   96  2048    9.74   97.95     91.46  0.0251
   96  4096   11.05   98.95     94.93  0.0131
  128     8    9.32   57.25         -       -
  128    32    9.34   71.50         -       -
  128    64    9.36   78.35     51.83  0.2507
  128   128    9.40   84.25     63.90  0.1818
  128   256    9.48   88.85     73.89  0.1253
  128   512    9.64   92.50     81.68  0.0828
  128  1024    9.97   96.60     87.91  0.0405
  128  2048   10.62   98.55     92.45  0.0198
  128  4096   11.92   99.15     95.64  0.0102
  160     8   10.22   59.35         -       -
  160    32   10.23   73.70         -       -
  160    64   10.25   80.60     53.53  0.2271
  160   128   10.29   85.75     65.70  0.1647
  160   256   10.37   89.95     75.46  0.1127
  160   512   10.53   94.15     83.14  0.0670
  160  1024   10.85   97.05     89.08  0.0351
  160  2048   11.50   98.80     93.38  0.0162
  160  4096   12.78   99.45     96.15  0.0073
  192     8   11.11   61.30         -       -
  192    32   11.12   76.05         -       -
  192    64   11.14   82.10     55.00  0.2122
  192   128   11.18   86.90     67.07  0.1521
  192   256   11.26   91.20     76.86  0.1001
  192   512   11.42   94.85     84.40  0.0601
  192  1024   11.74   97.75     90.03  0.0281
  192  2048   12.38   99.10     93.97  0.0134
  192  4096   13.65   99.70     96.56  0.0048
  256     8   12.89   65.10         -       -
  256    32   12.91   79.60         -       -
  256    64   12.93   84.70     57.57  0.1848
  256   128   12.97   89.05     69.75  0.1277
  256   256   13.05   93.60     79.14  0.0760
  256   512   13.20   96.45     86.34  0.0430
  256  1024   13.51   98.65     91.62  0.0194
  256  2048   14.14   99.35     95.08  0.0086
  256  4096   15.39   99.80     97.21  0.0029
  320     8   14.68   68.50         -       -
  320    32   14.69   81.25         -       -
  320    64   14.71   87.10     59.76  0.1603
  320   128   14.75   91.20     71.83  0.1050
  320   256   14.83   94.90     81.06  0.0621
  320   512   14.98   97.70     88.02  0.0311
  320  1024   15.29   98.95     92.74  0.0152
  320  2048   15.90   99.65     95.79  0.0062
  320  4096   17.13   99.85     97.70  0.0018
  384     8   16.47   71.15         -       -
  384    32   16.48   83.75         -       -
  384    64   16.50   88.95     61.69  0.1404
  384   128   16.54   92.75     73.69  0.0895
  384   256   16.61   96.10     82.73  0.0500
  384   512   16.76   98.30     89.30  0.0244
  384  1024   17.06   99.15     93.72  0.0121
  384  2048   17.66   99.70     96.43  0.0042
  384  4096   18.87   99.80     98.07  0.0018
  512     8   20.04   75.20         -       -
  512    32   20.05   87.20         -       -
  512    64   20.07   91.75     64.81  0.1085
  512   128   20.10   95.30     76.87  0.0636
  512   256   20.18   97.65     85.60  0.0341
  512   512   20.32   99.00     91.39  0.0171
  512  1024   20.61   99.65     95.18  0.0065
  512  2048   21.19   99.80     97.40  0.0026
  512  4096   22.34   99.95     98.66  0.0009
  768     8   27.18   81.90         -       -
  768    32   27.19   92.35         -       -
  768    64   27.21   95.95     69.93  0.0668
  768   128   27.24   98.15     82.00  0.0345
  768   256   27.31   99.05     89.65  0.0170
  768   512   27.44   99.75     94.36  0.0073
  768  1024   27.70   99.85     97.04  0.0031
  768  2048   28.23   99.90     98.47  0.0014
  768  4096   29.29  100.00     99.26  0.0005
 1024     8   34.32   86.60         -       -
 1024    32   34.33   95.65         -       -
 1024    64   34.35   97.85     74.17  0.0446
 1024   128   34.38   99.10     85.78  0.0211
 1024   256   34.44   99.75     92.54  0.0088
 1024   512   34.56   99.95     96.15  0.0036
 1024  1024   34.80  100.00     98.18  0.0013
 1024  2048   35.28  100.00     99.15  0.0005
 1024  4096   36.24  100.00     99.64  0.0001
