qwen2.5-7b-q4km.gguf output.weight 152064x3584 Q6_K, SVD-softmax plain, tokens=2000, setup 234s
  ... 100/2000 tokens (240s)
  ... 200/2000 tokens (244s)
  ... 300/2000 tokens (249s)
  ... 400/2000 tokens (254s)
  ... 500/2000 tokens (258s)
  ... 600/2000 tokens (263s)
  ... 700/2000 tokens (268s)
  ... 800/2000 tokens (273s)
  ... 900/2000 tokens (278s)
  ... 1000/2000 tokens (283s)
  ... 1100/2000 tokens (288s)
  ... 1200/2000 tokens (293s)
  ... 1300/2000 tokens (299s)
  ... 1400/2000 tokens (305s)
  ... 1500/2000 tokens (310s)
  ... 1600/2000 tokens (315s)
  ... 1700/2000 tokens (320s)
  ... 1800/2000 tokens (325s)
  ... 1900/2000 tokens (330s)
  ... 2000/2000 tokens (336s)
    W     N   read%   top1% recall40%    TV40
   32     8    6.64    2.75         -       -
   32    32    6.66   10.10         -       -
   32    64    6.68   13.00      7.01  0.8782
   32   128    6.72   16.15     10.12  0.8479
   32   256    6.81   21.15     14.33  0.8003
   32   512    6.97   26.40     19.87  0.7483
   32  1024    7.31   32.60     26.37  0.6890
   32  2048    7.97   39.35     34.20  0.6201
   32  4096    9.31   47.05     44.39  0.5356
   64     8    7.54    2.90         -       -
   64    32    7.55   10.45         -       -
   64    64    7.57   13.85      7.35  0.8708
   64   128    7.61   17.80     10.86  0.8338
   64   256    7.70   23.35     16.00  0.7783
   64   512    7.86   30.50     23.05  0.7114
   64  1024    8.19   37.95     31.03  0.6372
   64  2048    8.85   45.50     40.61  0.5535
   64  4096   10.18   54.70     51.77  0.4570
   96     8    8.43    3.05         -       -
   96    32    8.45   11.15         -       -
   96    64    8.47   14.20      7.42  0.8676
   96   128    8.51   18.70     11.34  0.8278
   96   256    8.59   24.85     17.24  0.7673
   96   512    8.75   32.35     24.59  0.6917
   96  1024    9.08   40.00     33.02  0.6132
   96  2048    9.74   48.35     43.12  0.5259
   96  4096   11.05   58.40     54.88  0.4238
  128     8    9.32    3.10         -       -
  128    32    9.34   11.65         -       -
  128    64    9.36   14.90      7.84  0.8616
  128   128    9.40   18.90     12.04  0.8205
  128   256    9.48   26.65     18.37  0.7504
  128   512    9.64   34.20     26.06  0.6743
  128  1024    9.97   41.75     34.93  0.5934
  128  2048   10.62   50.10     45.23  0.5044
  128  4096   11.92   60.50     57.08  0.3989
  160     8   10.22    3.20         -       -
  160    32   10.23   11.60         -       -
  160    64   10.25   15.25      7.97  0.8593
  160   128   10.29   19.50     12.44  0.8158
  160   256   10.37   27.20     19.00  0.7438
  160   512   10.53   35.05     27.09  0.6613
  160  1024   10.85   42.50     36.04  0.5842
  160  2048   11.50   51.90     46.81  0.4867
  160  4096   12.78   62.40     58.84  0.3785
  192     8   11.11    3.15         -       -
  192    32   11.12   11.75         -       -
  192    64   11.14   15.30      8.16  0.8579
  192   128   11.18   20.10     12.76  0.8101
  192   256   11.26   27.45     19.37  0.7417
  192   512   11.42   35.70     27.74  0.6560
  192  1024   11.74   43.20     37.17  0.5742
  192  2048   12.38   53.70     48.05  0.4707
  192  4096   13.65   63.55     59.79  0.3667
  256     8   12.89    3.20         -       -
  256    32   12.91   11.85         -       -
  256    64   12.93   15.85      8.51  0.8521
  256   128   12.97   21.85     13.48  0.7945
  256   256   13.05   29.65     20.53  0.7175
  256   512   13.20   37.70     29.13  0.6373
  256  1024   13.51   46.45     38.88  0.5486
  256  2048   14.14   55.70     49.82  0.4491
  256  4096   15.39   65.25     61.54  0.3487
  320     8   14.68    3.35         -       -
  320    32   14.69   12.50         -       -
  320    64   14.71   16.80      8.80  0.8423
  320   128   14.75   22.75     14.03  0.7828
  320   256   14.83   31.50     21.46  0.6988
  320   512   14.98   39.30     30.55  0.6177
  320  1024   15.29   48.85     40.70  0.5237
  320  2048   15.90   57.70     51.74  0.4260
  320  4096   17.13   66.75     63.36  0.3309
  384     8   16.47    3.30         -       -
  384    32   16.48   12.95         -       -
  384    64   16.50   17.60      9.11  0.8360
  384   128   16.54   24.50     14.72  0.7655
  384   256   16.61   33.20     22.46  0.6841
  384   512   16.76   42.30     31.93  0.5937
  384  1024   17.06   51.70     42.31  0.4957
  384  2048   17.66   59.90     53.58  0.4048
  384  4096   18.87   68.20     65.10  0.3152
  512     8   20.04    3.95         -       -
  512    32   20.05   14.35         -       -
  512    64   20.07   19.65      9.70  0.8160
  512   128   20.10   27.75     16.04  0.7356
  512   256   20.18   36.50     24.59  0.6487
  512   512   20.32   46.80     34.74  0.5522
  512  1024   20.61   56.20     45.63  0.4519
  512  2048   21.19   63.25     56.95  0.3714
  512  4096   22.34   70.60     67.96  0.2908
  768     8   27.18    5.20         -       -
  768    32   27.19   17.80         -       -
  768    64   27.21   26.00     12.00  0.7560
  768   128   27.24   35.05     19.89  0.6656
  768   256   27.31   45.80     29.69  0.5686
  768   512   27.44   54.25     40.73  0.4776
  768  1024   27.70   61.55     51.90  0.3958
  768  2048   28.23   67.25     62.73  0.3262
  768  4096   29.29   72.85     72.59  0.2624
 1024     8   34.32    6.60         -       -
 1024    32   34.33   22.95         -       -
 1024    64   34.35   33.15     14.95  0.6962
 1024   128   34.38   42.70     24.03  0.6001
 1024   256   34.44   50.85     34.60  0.5132
 1024   512   34.56   58.45     46.08  0.4320
 1024  1024   34.80   64.50     57.28  0.3590
 1024  2048   35.28   69.60     67.32  0.2971
 1024  4096   36.24   75.45     76.05  0.2359
