qwen2.5-7b-q4km.gguf output.weight 152064x3584 Q6_K, SVD-softmax plain, tokens=2000, setup 264s
  ... 100/2000 tokens (269s)
  ... 200/2000 tokens (274s)
  ... 300/2000 tokens (280s)
  ... 400/2000 tokens (285s)
  ... 500/2000 tokens (290s)
  ... 600/2000 tokens (295s)
  ... 700/2000 tokens (300s)
  ... 800/2000 tokens (305s)
  ... 900/2000 tokens (310s)
  ... 1000/2000 tokens (316s)
  ... 1100/2000 tokens (321s)
  ... 1200/2000 tokens (326s)
  ... 1300/2000 tokens (331s)
  ... 1400/2000 tokens (337s)
  ... 1500/2000 tokens (342s)
  ... 1600/2000 tokens (347s)
  ... 1700/2000 tokens (352s)
  ... 1800/2000 tokens (357s)
  ... 1900/2000 tokens (362s)
  ... 2000/2000 tokens (368s)
    W     N   read%   top1% recall40%    TV40
   32     8    6.64    2.75         -       -
   32    32    6.66    8.50         -       -
   32    64    6.68   11.70      6.86  0.8849
   32   128    6.72   15.55      9.86  0.8486
   32   256    6.81   22.15     14.75  0.7878
   32   512    6.97   29.00     20.87  0.7197
   32  1024    7.31   36.20     27.55  0.6507
   32  2048    7.97   44.05     35.73  0.5751
   32  4096    9.31   51.85     45.60  0.4899
   64     8    7.54    3.40         -       -
   64    32    7.55   10.15         -       -
   64    64    7.57   14.10      7.87  0.8633
   64   128    7.61   18.15     11.35  0.8250
   64   256    7.70   25.00     16.74  0.7621
   64   512    7.86   33.40     23.88  0.6792
   64  1024    8.19   41.55     32.01  0.6005
   64  2048    8.85   50.00     41.19  0.5133
   64  4096   10.18   58.95     51.66  0.4191
   96     8    8.43    3.90         -       -
   96    32    8.45   10.65         -       -
   96    64    8.47   14.65      8.13  0.8596
   96   128    8.51   19.80     12.00  0.8127
   96   256    8.59   27.60     18.01  0.7367
   96   512    8.75   35.75     25.65  0.6564
   96  1024    9.08   44.05     33.98  0.5744
   96  2048    9.74   53.25     43.27  0.4805
   96  4096   11.05   61.55     53.95  0.3891
  128     8    9.32    3.95         -       -
  128    32    9.34   10.65         -       -
  128    64    9.36   14.65      8.38  0.8584
  128   128    9.40   20.35     12.43  0.8049
  128   256    9.48   28.25     18.72  0.7295
  128   512    9.64   35.75     26.40  0.6500
  128  1024    9.97   45.60     34.81  0.5582
  128  2048   10.62   54.55     44.38  0.4625
  128  4096   11.92   63.80     55.13  0.3673
  160     8   10.22    4.10         -       -
  160    32   10.23   11.50         -       -
  160    64   10.25   15.85      8.62  0.8477
  160   128   10.29   21.75     13.01  0.7934
  160   256   10.37   29.50     19.58  0.7173
  160   512   10.53   37.10     27.46  0.6373
  160  1024   10.85   47.40     36.22  0.5404
  160  2048   11.50   56.65     46.05  0.4411
  160  4096   12.78   64.70     56.91  0.3563
  192     8   11.11    4.20         -       -
  192    32   11.12   11.65         -       -
  192    64   11.14   16.10      8.83  0.8446
  192   128   11.18   22.40     13.23  0.7884
  192   256   11.26   29.80     19.96  0.7129
  192   512   11.42   38.80     28.23  0.6225
  192  1024   11.74   48.40     37.24  0.5294
  192  2048   12.38   57.60     47.22  0.4313
  192  4096   13.65   65.45     58.11  0.3449
  256     8   12.89    4.25         -       -
  256    32   12.91   12.50         -       -
  256    64   12.93   17.50      9.27  0.8313
  256   128   12.97   24.25     13.88  0.7723
  256   256   13.05   32.15     20.95  0.6898
  256   512   13.20   40.30     29.52  0.6062
  256  1024   13.51   50.95     38.95  0.5026
  256  2048   14.14   59.85     49.08  0.4075
  256  4096   15.39   67.55     59.94  0.3253
  320     8   14.68    4.45         -       -
  320    32   14.69   13.55         -       -
  320    64   14.71   18.30      9.59  0.8250
  320   128   14.75   26.00     14.56  0.7559
  320   256   14.83   33.70     21.93  0.6747
  320   512   14.98   42.70     30.69  0.5819
  320  1024   15.29   52.70     40.55  0.4851
  320  2048   15.90   61.55     50.87  0.3893
  320  4096   17.13   69.15     61.59  0.3092
  384     8   16.47    4.80         -       -
  384    32   16.48   14.25         -       -
  384    64   16.50   19.85      9.90  0.8102
  384   128   16.54   27.60     15.27  0.7385
  384   256   16.61   35.80     23.04  0.6547
  384   512   16.76   44.90     32.04  0.5595
  384  1024   17.06   54.35     42.08  0.4675
  384  2048   17.66   62.90     52.65  0.3721
  384  4096   18.87   70.45     63.27  0.2941
  512     8   20.04    5.85         -       -
  512    32   20.05   16.50         -       -
  512    64   20.07   23.05     10.85  0.7803
  512   128   20.10   31.25     16.85  0.7029
  512   256   20.18   39.85     25.09  0.6153
  512   512   20.32   48.90     34.73  0.5215
  512  1024   20.61   57.35     45.13  0.4343
  512  2048   21.19   65.60     55.75  0.3448
  512  4096   22.34   72.55     66.10  0.2701
  768     8   27.18    8.45         -       -
  768    32   27.19   21.70         -       -
  768    64   27.21   28.95     13.32  0.7247
  768   128   27.24   37.10     20.65  0.6429
  768   256   27.31   46.80     29.69  0.5534
  768   512   27.44   55.00     40.03  0.4628
  768  1024   27.70   62.60     50.72  0.3817
  768  2048   28.23   70.20     61.28  0.2997
  768  4096   29.29   76.60     71.20  0.2308
 1024     8   34.32   10.30         -       -
 1024    32   34.33   26.85         -       -
 1024    64   34.35   35.95     16.53  0.6613
 1024   128   34.38   44.10     24.85  0.5808
 1024   256   34.44   52.00     34.48  0.4971
 1024   512   34.56   58.55     45.11  0.4233
 1024  1024   34.80   65.45     55.79  0.3465
 1024  2048   35.28   73.15     66.19  0.2669
 1024  4096   36.24   78.25     75.17  0.2098
